0 0.360938 0.336719 0.065625 0.092188
0 0.431250 0.338281 0.056250 0.092188
0 0.501563 0.337500 0.062500 0.096875
0 0.570312 0.337500 0.059375 0.087500
0 0.639062 0.336719 0.059375 0.092188
0 0.638281 0.439063 0.057813 0.090625
0 0.568750 0.438281 0.059375 0.092188
0 0.497656 0.440625 0.060937 0.087500
0 0.430469 0.439844 0.057813 0.089063
0 0.359375 0.438281 0.062500 0.092188
0 0.362500 0.540625 0.068750 0.096875
0 0.428906 0.539844 0.057813 0.095312
0 0.497656 0.541406 0.060937 0.089063
0 0.568750 0.540625 0.062500 0.093750
0 0.636719 0.539062 0.060937 0.090625
0 0.636719 0.643750 0.067187 0.093750
0 0.567969 0.645312 0.067187 0.093750
0 0.502344 0.646094 0.064062 0.089063
0 0.433594 0.645312 0.060937 0.093750
0 0.360156 0.645312 0.067187 0.093750
0 0.358594 0.750781 0.067187 0.095312
0 0.428906 0.748437 0.060937 0.093750
0 0.500000 0.747656 0.056250 0.092188
0 0.567969 0.747656 0.060937 0.089063
0 0.639844 0.748437 0.060937 0.096875
0 0.809375 0.365625 0.059375 0.109375
0 0.750000 0.370312 0.059375 0.093750
0 0.178906 0.366406 0.057813 0.095312
0 0.239844 0.370312 0.057813 0.106250